0.110656 72
1.195255 1
0.095965 1
0.143874 1
0.184084 1
0.088141 1
0.479888 1
0.111857 1
0.127975 1
0.328243 1
0.000877 1
0.991055 4
0.152086 4
1.224006 1
0.343891 1
0.471898 2
2.157057 67
0.000034 2
0.356419 59
0.000033 2
13.344897 12
0.000131 21
11.266627 12
0.106422 65
0.922624 83
1.079265 72
0.109198 77
0.002157 37
0.105393 42
0.129963 60
0.000221 60
0.276480 62
0.506041 36
1.099674 80
0.004540 2
0.814356 50
0.008481 42
0.000382 2
0.004780 49
0.000287 2
77.443194 61
8.792972 71
0.001031 2
1.408520 59
0.001057 2
10.035530 61
27.423222 174
7.523997 84
1.357298 76
0.000078 2
1.312616 86
0.009808 2
5.869663 46
0.000076 2
0.021501 58
0.000059 2
0.590019 47
0.000988 2
0.010755 52
0.000048 2
2.467136 52
0.001135 2
1.832436 70
0.005116 2
0.000135 51
0.000022 2
0.000066 2
0.000064 75
0.000020 2
0.000062 82
0.000020 2
0.000063 4
0.000021 2
1.205263 48
0.001063 2
1.783491 4
0.002637 2
0.004300 80
0.000068 2
0.000215 4
0.085075 4
0.000107 2
0.004733 80
0.000033 2
0.000016 4
9.120369 45
0.078400 92
28.988380 33
0.000124 2
0.000148 15
0.000798 4
0.000030 2
0.000102 80
0.000021 2
0.000079 4
2.378304 33
0.000169 2
0.000463 15
0.012426 4
0.002266 2
0.000163 80
0.000040 6
1.901688 28
0.000676 2
0.000128 15
0.013172 4
0.000089 2
0.000142 80
0.000015 2
0.000012 4
0.000519 154
0.000018 2
0.000010 2
0.000011 4
0.177415 50
0.000144 2
0.728520 43
0.000151 2
0.230450 96
0.007632 2
0.000242 101
0.000039 2
0.000594 85
0.000043 2
0.000149 38
0.000035 2
0.000131 38
0.000031 2
0.001075 41
0.000030 2
0.000093 30
0.000021 2
0.000194 53
0.000044 2
0.000426 107
0.000047 2
0.001763 58
0.000093 2
0.000160 58
0.000033 2
0.000132 13
0.000030 2
0.000117 122
0.000152 2
0.000111 123
0.000025 2
0.121109 72
2.755468 1
0.303720 1
0.215932 1
0.320106 1
0.239981 1
10.175945 1
0.224159 1
0.159883 1
0.200050 1
0.527820 1
0.288072 1
0.127920 1
1.432086 1
0.191994 1
0.256126 1
0.344039 1
0.223934 1
0.216011 1
0.200132 1
0.183779 1
0.216042 1
1.128019 1
0.496154 1
0.063913 1
0.319901 1
0.040145 1
0.664290 2
0.031408 637
0.002231 72
3.702047 1
0.079769 1
0.296351 1
0.111916 1
2.304202 2
0.000114 6
